=== 1 ===
d1zxxa_/c.89.1.0     -          c.1                  -               0.11   12.4   3.7      0.31   10.9   3.7   1.7   1   1   0   1   1   1   0 -
d3h4ta_/c.87.1.5     -          c.1                  -                2.1    8.2   4.7        18    5.2   4.7   2.1   1   1   0   1   1   1   0 -
=== 2 ===
d1c0pa1/c.4.1.2      -          c.2                  -            1.1e-09   38.2   0.0   5.2e-05   23.0   0.0   2.2   2   0   0   2   2   2   2 -
d1ps9a3/c.4.1.1      -          c.2                  -            3.5e-07   30.0   0.1   5.3e-07   29.4   0.1   1.2   1   1   0   1   1   1   1 -
d1jw9b_/c.111.1.1    -          c.2                  -            2.6e-06   27.2   0.1   3.5e-06   26.8   0.1   1.2   1   0   0   1   1   1   1 -
d2v0na2/c.23.1.1     -          c.2                  -            7.7e-06   25.6   0.2     8e-06   25.6   0.2   1.1   1   0   0   1   1   1   1 -
d2bi7a1/c.4.1.3      -          c.2                  -            1.4e-05   24.8   0.1     2e-05   24.3   0.1   1.4   1   1   0   1   1   1   1 -
d2iida1/c.3.1.2      -          c.2                  -            1.9e-05   24.4   0.0   4.1e-05   23.3   0.0   1.5   1   0   0   1   1   1   1 -
d1nhpa2/c.3.1.5      -          c.2                  -            2.1e-05   24.3   0.5   2.4e-05   24.1   0.5   1.2   1   0   0   1   1   1   1 -
d1djqa3/c.4.1.1      -          c.2                  -            5.8e-05   22.8   0.1   9.1e-05   22.2   0.1   1.3   1   1   0   1   1   1   1 -
d1lqta1/c.3.1.1      -          c.2                  -            6.6e-05   22.6   0.7   8.6e-05   22.2   0.7   1.2   1   0   0   1   1   1   1 -
d1xhca2/c.3.1.5      -          c.2                  -            7.1e-05   22.5   0.0   7.2e-05   22.5   0.0   1.1   1   0   0   1   1   1   1 -
d1ve9a1/c.4.1.2      -          c.2                  -            7.6e-05   22.4   0.3     0.015   14.9   0.3   2.3   1   1   0   1   1   1   1 -
d2vapa1/c.32.1.1     -          c.2                  -            0.00011   21.9   1.3   0.00015   21.5   1.3   1.1   1   0   0   1   1   1   1 -
d1yovb_/c.111.1.2    -          c.2                  -            0.00015   21.5   0.0   0.00022   20.9   0.0   1.4   1   0   0   1   1   1   1 -
d2zpua_/c.79.1.1     -          c.2                  -            0.00023   20.8   0.2     0.002   17.8   0.0   2.1   1   1   1   2   2   2   1 -
d2f5va1/c.3.1.2      -          c.2                  -            0.00038   20.2   0.0    0.0013   18.4   0.0   1.9   2   0   0   2   2   1   1 -
d3d2la_/c.66.1.0     -          c.2                  -             0.0013   18.4   0.0    0.0023   17.6   0.0   1.5   1   1   0   1   1   1   1 -
d1kjqa2/c.30.1.1     -          c.2                  -             0.0014   18.3   0.3    0.0023   17.6   0.3   1.5   1   1   0   1   1   1   1 -
d1m6ya2/c.66.1.23    -          c.2                  -             0.0015   18.2   0.0    0.0018   18.0   0.0   1.1   1   0   0   1   1   1   1 -
d1seza1/c.3.1.2      -          c.2                  -              0.002   17.8   0.0     0.009   15.7   0.0   1.9   2   0   0   2   2   1   1 -
d1pj5a2/c.3.1.2      -          c.2                  -             0.0021   17.7   4.4      0.27   10.9   4.5   2.4   1   1   0   1   1   1   1 -
d2gf3a1/c.3.1.2      -          c.2                  -             0.0023   17.6   0.2    0.0077   15.9   0.0   2.0   2   1   0   2   2   1   1 -
d2dw4a2/c.3.1.2      -          c.2                  -             0.0028   17.3   1.4     0.046   13.4   1.0   2.3   2   1   0   2   2   2   1 -
d1u7za_/c.72.3.1     -          c.2                  -             0.0029   17.3   0.1    0.0036   17.0   0.1   1.2   1   0   0   1   1   1   1 -
d1uwka_/e.51.1.1     -          c.2                  -             0.0031   17.2   4.2       1.4    8.5   0.5   3.3   2   1   1   3   3   3   0 -
d2jfga1/c.5.1.1      -          c.2                  -             0.0055   16.4   0.0     0.006   16.2   0.0   1.2   1   1   0   1   1   1   1 -
d1vima_/c.80.1.3     -          c.2                  -             0.0092   15.6   0.8     0.015   14.9   0.9   1.3   1   1   0   1   1   1   1 -
d2cula1/c.3.1.7      -          c.2                  -             0.0095   15.6   1.1     0.023   14.4   1.1   1.8   1   1   0   1   1   1   1 -
d1q1ra2/c.3.1.5      -          c.2                  -              0.012   15.3   0.1     0.012   15.2   0.1   1.2   1   0   0   1   1   1   0 -
d3c96a1/c.3.1.2      -          c.2                  -              0.012   15.2   5.4      0.21   11.2   5.4   2.2   1   1   0   1   1   1   0 -
d1lvla2/c.3.1.5      -          c.2                  -              0.014   15.1   0.2     0.014   15.0   0.2   1.2   1   0   0   1   1   1   0 -
d1chua2/c.3.1.4      -          c.2                  -              0.015   15.0   2.9     0.041   13.5   3.0   1.8   1   1   0   1   1   1   0 -
d2i0za1/c.3.1.8      -          c.2                  -              0.017   14.8   2.5     0.034   13.8   2.5   1.7   1   1   0   1   1   1   0 -
d1s3ea1/c.3.1.2      -          c.2                  -              0.018   14.7   0.0     0.031   13.9   0.0   1.5   1   0   0   1   1   1   0 -
d1ve3a1/c.66.1.43    -          c.2                  -              0.022   14.4   0.0     0.025   14.2   0.0   1.1   1   0   0   1   1   1   0 -
d2bw0a2/c.65.1.1     -          c.2                  -               0.03   13.9   0.0     0.031   13.9   0.0   1.2   1   0   0   1   1   1   0 -
d1wzna1/c.66.1.43    -          c.2                  -              0.031   13.9   0.0     0.041   13.5   0.0   1.3   1   0   0   1   1   1   0 -
d1y5ea1/c.57.1.1     -          c.2                  -              0.032   13.9   0.0     0.037   13.7   0.0   1.1   1   0   0   1   1   1   0 -
d1p3da1/c.5.1.1      -          c.2                  -              0.034   13.8   0.3     0.042   13.5   0.3   1.1   1   0   0   1   1   1   0 -
d2gqfa1/c.3.1.8      -          c.2                  -              0.036   13.7   0.3     0.084   12.5   0.3   1.5   1   1   0   1   1   1   0 -
d1jbqa_/c.79.1.1     -          c.2                  -              0.036   13.7   0.7       0.2   11.2   0.0   2.3   1   1   1   2   2   2   0 -
d1a9xa3/c.30.1.1     -          c.2                  -              0.041   13.5   0.0     0.062   12.9   0.0   1.6   1   1   0   1   1   1   0 -
d1ps9a2/c.3.1.1      -          c.2                  -              0.049   13.3   0.0     0.056   13.1   0.0   1.4   1   1   0   1   1   1   0 -
d1xhca1/c.3.1.5      -          c.2                  -              0.051   13.2   0.1      0.15   11.7   0.1   1.7   1   1   0   1   1   1   0 -
d1ihua2/c.37.1.10    -          c.2                  -              0.072   12.7   0.0     0.096   12.3   0.0   1.3   1   0   0   1   1   1   0 -
d1ryia1/c.3.1.2      -          c.2                  -              0.075   12.7   1.0       0.1   12.2   1.0   1.5   1   1   0   1   1   1   0 -
d1v59a2/c.3.1.5      -          c.2                  -              0.078   12.6   0.5      0.16   11.6   0.5   1.6   1   1   0   1   1   1   0 -
d2gv8a1/c.3.1.5      -          c.2                  -              0.084   12.5   0.0      0.15   11.7   0.0   1.4   1   0   0   1   1   1   0 -
d2b34a_/c.33.1.0     -          c.2                  -              0.099   12.3   0.0      0.14   11.8   0.0   1.2   1   0   0   1   1   1   0 -
d1fcda1/c.3.1.5      -          c.2                  -               0.14   11.8   2.7      0.32   10.6   2.7   1.7   1   1   0   1   1   1   0 -
d3lada2/c.3.1.5      -          c.2                  -               0.32   10.6   3.9      0.46   10.1   3.9   1.4   1   1   0   1   1   1   0 -
d1kf6a2/c.3.1.4      -          c.2                  -               0.34   10.5   6.9     0.032   13.9   0.3   2.2   1   1   1   2   2   1   0 -
d1ebda2/c.3.1.5      -          c.2                  -               0.44   10.1   5.4       2.1    7.9   5.4   1.8   1   1   0   1   1   1   0 -
d1y0pa2/c.3.1.4      -          c.2                  -                9.1    5.9  10.3       1.2    8.8   1.2   2.4   1   1   0   2   2   2   0 -
=== 3 ===
d1djqa3/c.4.1.1      -          c.3                  -            3.5e-13   49.4   0.3   1.4e-11   44.1   0.3   2.0   1   1   0   1   1   1   1 -
d1ps9a3/c.4.1.1      -          c.3                  -            1.6e-12   47.2   0.1     2e-12   46.9   0.1   1.3   1   0   0   1   1   1   1 -
d2bi7a1/c.4.1.3      -          c.3                  -            1.5e-11   44.1   0.0   1.7e-11   43.9   0.0   1.3   1   1   0   1   1   1   1 -
d1i8ta1/c.4.1.3      -          c.3                  -            5.7e-11   42.2   0.0   7.3e-11   41.8   0.0   1.4   1   1   0   1   1   1   1 -
d1c0pa1/c.4.1.2      -          c.3                  -            2.8e-09   36.6   0.0   3.6e-09   36.3   0.0   1.2   1   0   0   1   1   1   1 -
d1gtea4/c.4.1.1      -          c.3                  -            8.8e-07   28.5   0.0     1e-06   28.2   0.0   1.3   1   1   0   1   1   1   1 -
d1pjca1/c.2.1.4      -          c.3                  -            3.2e-06   26.6   0.6   3.3e-06   26.6   0.6   1.2   1   0   0   1   1   1   1 -
d1ve9a1/c.4.1.2      -          c.3                  -            5.7e-06   25.8   0.0   1.5e-05   24.4   0.0   1.5   1   1   0   1   1   1   1 -
d1f0ya2/c.2.1.6      -          c.3                  -            1.5e-05   24.4   0.0   1.7e-05   24.2   0.0   1.1   1   0   0   1   1   1   1 -
d1yovb_/c.111.1.2    -          c.3                  -            0.00016   21.1   0.0   0.00031   20.1   0.0   1.5   1   1   0   1   1   1   1 -
d1llda1/c.2.1.5      -          c.3                  -            0.00023   20.5   0.8   0.00024   20.5   0.8   1.3   1   1   0   1   1   1   1 -
d1lqta2/c.4.1.1      -          c.3                  -            0.00056   19.3   0.1    0.0037   16.6   0.1   2.0   1   1   0   1   1   1   1 -
d1i36a2/c.2.1.6      -          c.3                  -            0.00062   19.1   0.1    0.0007   19.0   0.1   1.1   1   0   0   1   1   1   1 -
d1ldna1/c.2.1.5      -          c.3                  -            0.00098   18.5   1.9    0.0034   16.7   1.9   1.8   1   1   0   1   1   1   1 -
d1jw9b_/c.111.1.1    -          c.3                  -             0.0017   17.7   0.1    0.0017   17.7   0.1   1.2   1   0   0   1   1   1   1 -
d1qo2a_/c.1.2.1      -          c.3                  -             0.0022   17.3   0.1    0.0036   16.6   0.1   1.3   1   0   0   1   1   1   1 -
d3tzqa_/c.2.1.0      -          c.3                  -              0.003   16.9   0.2    0.0039   16.5   0.2   1.2   1   0   0   1   1   1   1 -
d1qzza2/c.66.1.12    -          c.3                  -             0.0069   15.7   0.0    0.0096   15.2   0.0   1.3   1   0   0   1   1   1   1 -
d3ko8a_/c.2.1.0      -          c.3                  -             0.0088   15.4   0.1     0.016   14.5   0.1   1.7   1   1   0   1   1   1   1 -
d1gpja2/c.2.1.7      -          c.3                  -              0.011   15.1   1.9     0.016   14.5   1.9   1.4   1   1   0   1   1   1   0 -
d1i24a_/c.2.1.2      -          c.3                  -              0.012   15.0   0.0     0.017   14.4   0.0   1.6   1   1   0   1   1   1   0 -
d1cjca2/c.4.1.1      -          c.3                  -              0.013   14.9   0.0     0.023   14.0   0.0   1.5   1   1   0   1   1   1   0 -
d1uxja1/c.2.1.5      -          c.3                  -              0.023   14.0   0.7     0.061   12.6   0.3   1.6   1   1   1   2   2   2   0 -
d1u7za_/c.72.3.1     -          c.3                  -              0.028   13.7   0.0     0.028   13.7   0.0   1.2   1   0   0   1   1   1   0 -
d2jfga1/c.5.1.1      -          c.3                  -              0.031   13.6   0.0     0.035   13.4   0.0   1.3   1   1   0   1   1   1   0 -
d1kjqa2/c.30.1.1     -          c.3                  -              0.033   13.5   0.0     0.035   13.4   0.0   1.1   1   0   0   1   1   1   0 -
d3awda_/c.2.1.0      -          c.3                  -              0.033   13.5   4.2      0.16   11.2   4.2   2.1   1   1   0   1   1   1   0 -
d1pl8a2/c.2.1.1      -          c.3                  -              0.034   13.5   1.1     0.047   13.0   1.1   1.3   1   1   0   1   1   1   0 -
d1wcv1_/c.37.1.0     -          c.3                  -              0.036   13.4   0.0     0.092   12.0   0.0   1.7   1   1   0   1   1   1   0 -
d1luaa1/c.2.1.7      -          c.3                  -              0.036   13.4   2.7     0.055   12.8   2.6   1.5   1   1   0   1   1   1   0 -
d1lssa_/c.2.1.9      -          c.3                  -              0.042   13.1   0.3      0.07   12.4   0.3   1.4   1   1   0   1   1   1   0 -
d1xu9a_/c.2.1.2      -          c.3                  -              0.043   13.1   0.0     0.049   12.9   0.0   1.2   1   0   0   1   1   1   0 -
d1uzma1/c.2.1.2      -          c.3                  -              0.047   13.0   1.3     0.075   12.3   1.3   1.3   1   1   0   1   1   1   0 -
d2o23a_/c.2.1.2      -          c.3                  -              0.049   12.9   1.4     0.065   12.5   1.4   1.2   1   0   0   1   1   1   0 -
d1vj0a2/c.2.1.1      -          c.3                  -              0.053   12.8   0.2     0.064   12.5   0.2   1.3   1   1   0   1   1   1   0 -
d1p5ja_/c.79.1.1     -          c.3                  -              0.055   12.8   0.0     0.064   12.6   0.0   1.3   1   1   0   1   1   1   0 -
d1hdoa_/c.2.1.2      -          c.3                  -              0.071   12.4   0.3     0.094   12.0   0.3   1.3   1   1   0   1   1   1   0 -
d1np3a2/c.2.1.6      -          c.3                  -              0.096   12.0   1.9       0.2   10.9   1.9   1.6   1   1   0   1   1   1   0 -
d1t2da1/c.2.1.5      -          c.3                  -               0.12   11.7   0.8      0.38   10.0   0.8   1.8   1   1   0   1   1   1   0 -
d1kola2/c.2.1.1      -          c.3                  -               0.12   11.6   8.5      0.27   10.5   4.1   2.0   1   1   1   2   2   2   0 -
d1o89a2/c.2.1.1      -          c.3                  -               0.19   11.0   1.9       0.3   10.4   1.9   1.5   1   1   0   1   1   1   0 -
d1ebfa1/c.2.1.3      -          c.3                  -                8.6    5.6   7.8       1.2    8.4   0.2   2.3   1   1   0   2   2   2   0 -
=== 4 ===
d2iida1/c.3.1.2      -          c.4                  -            7.5e-11   42.1   0.0   1.7e-10   40.9   0.0   1.8   1   1   0   1   1   1   1 -
d2dw4a2/c.3.1.2      -          c.4                  -            4.6e-09   36.3   0.0     8e-09   35.5   0.0   1.4   1   1   0   1   1   1   1 -
d2gqfa1/c.3.1.8      -          c.4                  -            1.7e-08   34.4   0.1   2.5e-08   33.9   0.1   1.4   1   1   0   1   1   1   1 -
d1b5qa1/c.3.1.2      -          c.4                  -            5.2e-08   32.8   0.0   6.8e-08   32.4   0.0   1.4   1   0   0   1   1   1   1 -
d1w4xa1/c.3.1.5      -          c.4                  -            8.1e-08   32.2   0.3     1e-07   31.9   0.3   1.4   1   1   0   1   1   1   1 -
d2i0za1/c.3.1.8      -          c.4                  -            8.9e-07   28.8   0.0   1.6e-06   28.0   0.0   1.5   1   1   1   2   2   2   1 -
d1v59a1/c.3.1.5      -          c.4                  -            9.4e-07   28.7   0.1   1.1e-06   28.4   0.1   1.3   1   0   0   1   1   1   1 -
d1y0pa2/c.3.1.4      -          c.4                  -            1.2e-06   28.4   1.2   3.9e-06   26.7   1.2   2.0   1   1   0   1   1   1   1 -
d1s3ea1/c.3.1.2      -          c.4                  -            1.5e-06   28.0   0.0   2.7e-06   27.3   0.0   1.6   2   0   0   2   2   1   1 -
d2gv8a1/c.3.1.5      -          c.4                  -            1.7e-06   27.9   0.1   3.1e-06   27.1   0.0   1.3   1   1   0   1   1   1   1 -
d1trba1/c.3.1.5      -          c.4                  -            1.8e-06   27.8   0.0   2.3e-06   27.5   0.0   1.2   1   0   0   1   1   1   1 -
d1seza1/c.3.1.2      -          c.4                  -            2.2e-06   27.5   0.0   2.9e-06   27.1   0.0   1.3   1   0   0   1   1   1   1 -
d1nhpa2/c.3.1.5      -          c.4                  -            3.4e-06   26.9   0.1     4e-06   26.7   0.1   1.3   1   0   0   1   1   1   1 -
d2f5va1/c.3.1.2      -          c.4                  -              5e-06   26.4   0.0     8e-06   25.7   0.0   1.5   1   0   0   1   1   1   1 -
d1xhca1/c.3.1.5      -          c.4                  -            6.7e-06   25.9   0.0   4.5e-05   23.2   0.0   1.9   1   1   0   1   1   1   1 -
d1kdga1/c.3.1.2      -          c.4                  -            8.1e-06   25.7   0.4   1.4e-05   24.9   0.4   1.6   2   1   0   2   2   1   1 -
d1f0ya2/c.2.1.6      -          c.4                  -            8.6e-06   25.6   0.0   1.4e-05   24.9   0.0   1.2   1   1   0   1   1   1   1 -
d2gmha1/c.3.1.2      -          c.4                  -            2.6e-05   24.0   0.0   4.5e-05   23.2   0.0   1.4   1   0   0   1   1   1   1 -
d2gf3a1/c.3.1.2      -          c.4                  -            3.7e-05   23.5   0.0   0.00016   21.4   0.0   1.9   1   1   0   1   1   1   1 -
d1k0ia1/c.3.1.2      -          c.4                  -            5.3e-05   23.0   0.0   0.00014   21.6   0.0   1.6   1   1   0   1   1   1   1 -
d2cula1/c.3.1.7      -          c.4                  -            7.7e-05   22.5   0.2   7.8e-05   22.5   0.2   1.3   1   1   0   1   1   1   1 -
d1q1ra2/c.3.1.5      -          c.4                  -            0.00015   21.5   0.0   0.00018   21.3   0.0   1.2   1   0   0   1   1   1   1 -
d1xhca2/c.3.1.5      -          c.4                  -            0.00023   20.9   0.0   0.00028   20.7   0.0   1.2   1   0   0   1   1   1   1 -
d1pj5a2/c.3.1.2      -          c.4                  -            0.00033   20.4   0.0   0.00054   19.7   0.0   1.4   1   0   0   1   1   1   1 -
d1fl2a1/c.3.1.5      -          c.4                  -            0.00039   20.2   0.4    0.0013   18.4   0.4   2.0   1   1   0   1   1   1   1 -
d1v59a2/c.3.1.5      -          c.4                  -            0.00043   20.1   0.1   0.00052   19.8   0.1   1.1   1   0   0   1   1   1   1 -
d1pn0a1/c.3.1.2      -          c.4                  -            0.00051   19.8   0.0   0.00098   18.9   0.0   1.5   1   0   0   1   1   1   1 -
d1rp0a1/c.3.1.6      -          c.4                  -            0.00066   19.4   0.1    0.0008   19.2   0.1   1.3   1   1   0   1   1   1   1 -
d3lada2/c.3.1.5      -          c.4                  -            0.00071   19.3   2.3    0.0027   17.5   2.3   1.8   1   1   0   1   1   1   1 -
d2ivda1/c.3.1.2      -          c.4                  -             0.0016   18.2   0.0    0.0028   17.4   0.0   1.6   1   1   0   1   1   1   1 -
d1pjca1/c.2.1.4      -          c.4                  -             0.0018   18.0   0.1     0.002   17.9   0.1   1.2   1   0   0   1   1   1   1 -
d1xdia1/c.3.1.5      -          c.4                  -             0.0028   17.4   0.0    0.0069   16.1   0.0   1.8   1   1   0   1   1   1   1 -
d1vg0a1/c.3.1.3      -          c.4                  -             0.0033   17.1   0.0     0.005   16.6   0.0   1.3   1   1   0   1   1   1   1 -
d1chua2/c.3.1.4      -          c.4                  -             0.0041   16.9   0.4     0.013   15.2   0.5   1.9   1   1   0   1   1   1   1 -
d1lvla2/c.3.1.5      -          c.4                  -             0.0045   16.7   0.1     0.005   16.6   0.1   1.1   1   0   0   1   1   1   1 -
d1ebda2/c.3.1.5      -          c.4                  -             0.0049   16.6   0.1    0.0057   16.4   0.1   1.1   1   0   0   1   1   1   1 -
d1t2da1/c.2.1.5      -          c.4                  -             0.0058   16.4   0.5     0.048   13.4   0.5   2.0   1   1   0   1   1   1   1 -
d3grsa2/c.3.1.5      -          c.4                  -             0.0069   16.1   0.0    0.0085   15.8   0.0   1.1   1   0   0   1   1   1   1 -
d3c96a1/c.3.1.2      -          c.4                  -               0.01   15.6   0.4     0.024   14.3   0.4   1.6   1   0   0   1   1   1   0 -
d1onfa2/c.3.1.5      -          c.4                  -              0.015   15.0   0.0     0.018   14.7   0.0   1.1   1   0   0   1   1   1   0 -
d1ryia1/c.3.1.2      -          c.4                  -              0.019   14.7   0.0     0.031   14.0   0.0   1.4   1   0   0   1   1   1   0 -
d1ojta1/c.3.1.5      -          c.4                  -               0.02   14.6   0.0     0.024   14.3   0.0   1.3   1   0   0   1   1   1   0 -
d1ldna1/c.2.1.5      -          c.4                  -              0.022   14.5   0.5       0.2   11.4   0.3   1.9   1   1   0   2   2   2   0 -
d1lssa_/c.2.1.9      -          c.4                  -              0.026   14.2   0.0     0.032   14.0   0.0   1.4   1   1   0   1   1   1   0 -
d3awda_/c.2.1.0      -          c.4                  -              0.028   14.1   0.0      0.09   12.5   0.0   1.9   1   1   0   1   1   1   0 -
d1uxja1/c.2.1.5      -          c.4                  -              0.028   14.1   0.2     0.028   14.1   0.2   1.3   1   1   0   1   1   1   0 -
d1h6va1/c.3.1.5      -          c.4                  -              0.031   14.0   0.1     0.042   13.6   0.1   1.5   1   1   0   1   1   1   0 -
d1feca1/c.3.1.5      -          c.4                  -              0.033   13.9   0.1     0.088   12.5   0.1   1.3   1   1   0   1   1   1   0 -
d1fl2a2/c.3.1.5      -          c.4                  -              0.033   13.9   0.1     0.035   13.8   0.1   1.2   1   0   0   1   1   1   0 -
d1gpja2/c.2.1.7      -          c.4                  -              0.041   13.6   0.3     0.067   12.9   0.3   1.5   1   1   0   1   1   1   0 -
d1vdca2/c.3.1.5      -          c.4                  -              0.067   12.9   0.0     0.073   12.8   0.0   1.2   1   0   0   1   1   1   0 -
d2hmta_/c.2.1.9      -          c.4                  -              0.071   12.8   0.1      0.17   11.6   0.1   1.7   1   1   1   2   2   2   0 -
d1d7ya1/c.3.1.5      -          c.4                  -              0.094   12.4   0.1      0.19   11.4   0.1   1.4   1   0   0   1   1   1   0 -
d1q1ra1/c.3.1.5      -          c.4                  -               0.11   12.2   0.1      0.17   11.6   0.1   1.5   1   1   0   1   1   1   0 -
d1ebfa1/c.2.1.3      -          c.4                  -               0.15   11.8   1.1      0.65    9.7   0.0   2.1   2   0   0   2   2   2   0 -
=== 5 ===
d1nhpa2/c.3.1.5      -          c.5                  -            0.00097   18.8   0.8     0.022   14.5   0.1   2.2   1   1   1   2   2   2   1 -
d1hxha_/c.2.1.2      -          c.5                  -              0.012   15.3   0.1     0.035   13.8   0.1   1.7   2   0   0   2   2   2   0 -
d1c0pa1/c.4.1.2      -          c.5                  -              0.016   15.0   0.0       4.5    7.1   0.0   2.3   2   0   0   2   2   2   0 -
d2hmta_/c.2.1.9      -          c.5                  -              0.019   14.7   0.2     0.083   12.6   0.1   2.0   1   1   0   2   2   2   0 -
d1piwa2/c.2.1.1      -          c.5                  -              0.023   14.4   0.1      0.04   13.7   0.1   1.4   1   0   0   1   1   1   0 -
d1uufa2/c.2.1.1      -          c.5                  -              0.042   13.6   0.1     0.066   13.0   0.1   1.3   1   0   0   1   1   1   0 -
d1rp0a1/c.3.1.6      -          c.5                  -              0.046   13.5   0.4       2.3    8.0   0.1   2.5   2   0   0   2   2   2   0 -
=== 6 ===
